%YAML:1.0
image_width: 1920
image_height: 1080
camera_name: narrow_stereo
camera_matrix: !!opencv-matrix
  rows: 3
  cols: 3
  dt: d
  data: [1394.729161, 0.000000, 904.665086, 0.000000, 1393.777336, 540.696406, 0.000000, 0.000000, 1.000000]
distortion_model: plumb_bob
distortion_coefficients: !!opencv-matrix
  rows: 1
  cols: 5
  dt: d
  data: [-0.394195, 0.148305, 0.003011, -0.003571, 0.000000]
rectification_matrix: !!opencv-matrix
  rows: 3
  cols: 3
  dt: d
  data: [1.000000, 0.000000, 0.000000, 0.000000, 1.000000, 0.000000, 0.000000, 0.000000, 1.000000]
projection_matrix: !!opencv-matrix
  rows: 3
  cols: 4
  dt: d
  data: [1090.406250, 0.000000, 862.345035, 0.000000, 0.000000, 1304.289673, 543.276416, 0.000000, 0.000000, 0.000000, 1.000000, 0.000000]
