%YAML:1.0
image_positions: !!opencv-matrix
   rows: 110
   cols: 2
   dt: f
   data: [ 5.20750000e+02, 4.04500000e+02, 
719., 367.,
8.06500000e+02, 6.17750000e+02,
9.23250000e+02, 3.17500000e+02, 
1.04375000e+03, 4.97750000e+02,
6.33500000e+02, 431.,
4.09250000e+02, 4.39500000e+02,
3.00500000e+02, 4.07250000e+02,
2.82500000e+02, 3.45750000e+02,
3.08250000e+02, 3.30750000e+02,
4.54500000e+02, 289.,
431., 207.,
6.26750000e+02, 2.07500000e+02,
7.54250000e+02, 1.34500000e+02,
791., 1.41250000e+02,
887., 80.,
892., 6.87500000e+01,
9.28500000e+02, 5.47500000e+01,
9.63500000e+02, 6.32500000e+01,
1014., 63.,
1.12050000e+03, 1.15750000e+02,
1232., 131.,
1.27225000e+03, 1.20500000e+02,
1.31925000e+03, 1.74750000e+02,
1.36350000e+03, 1.93500000e+02,
1.33825000e+03, 2.04500000e+02,
1238., 2.74500000e+02,
1122., 3.82500000e+02,
1.26325000e+03, 5.05750000e+02,
1319., 409.,
1.34250000e+03, 3.23500000e+02,
1.36550000e+03, 2.99750000e+02,
1.43075000e+03, 2.27250000e+02,
1.40150000e+03, 1.45500000e+02,
1.36975000e+03, 1.86750000e+02,
1.26875000e+03, 3.15750000e+02,
1.13275000e+03, 4.24750000e+02,
1.06875000e+03, 514.,
9.65250000e+02, 5.46250000e+02,
935., 371.,
8.98250000e+02, 1.91750000e+02,
8.97250000e+02, 2.39500000e+02,
9.19250000e+02, 1.94750000e+02,
9.61750000e+02, 2.68250000e+02,
8.19750000e+02, 3.46750000e+02,
8.09750000e+02, 4.51750000e+02,
8.87500000e+02, 6.61750000e+02,
8.93750000e+02, 7.36500000e+02,
9.16250000e+02, 8.04250000e+02,
6.89750000e+02, 6.99500000e+02,
6.04750000e+02, 677.,
5.27250000e+02, 6.67500000e+02,
4.27750000e+02, 5.63750000e+02,
4.19500000e+02, 4.89750000e+02,
5.34500000e+02, 468.,
7.55250000e+02, 243.,
8.06500000e+02, 1.99250000e+02,
8.37250000e+02, 1.43250000e+02,
597., 1.34750000e+02,
5.91250000e+02, 1.36750000e+02,
4.78500000e+02, 2.13750000e+02,
4.44250000e+02, 2.54250000e+02,
4.52250000e+02, 3.34500000e+02,
3.62750000e+02, 3.32750000e+02,
3.53250000e+02, 3.25500000e+02,
2.95500000e+02, 165.,
286., 1.74250000e+02,
2.46500000e+02, 1.43500000e+02,
390., 102.,
394., 1.00250000e+02,
5.60500000e+02, 108.,
558., 90.,
6.87250000e+02, 6.85000000e+01,
6.86500000e+02, 7.05000000e+01,
7.48500000e+02, 1.32750000e+02,
7.26500000e+02, 175.,
769., 93.,
776., 127.,
1.15725000e+03, 6.17500000e+01,
1201., 8.85000000e+01,
1.23925000e+03, 7.55000000e+01,
1295., 9.22500000e+01,
1.26675000e+03, 2.03500000e+02,
1.29250000e+03, 233.,
1.22325000e+03, 3.19750000e+02,
1149., 404.,
1.07050000e+03, 6.59250000e+02,
1.07050000e+03, 6.59250000e+02,
1.07050000e+03, 6.59250000e+02,
1.03675000e+03, 3.52250000e+02,
1013., 1.25500000e+02,
985., 1.72500000e+02,
9.76750000e+02, 5.81750000e+02,
6.44500000e+02, 4.80500000e+02,
4.68500000e+02, 5.01500000e+02,
3.92250000e+02, 3.83250000e+02,
3.37750000e+02, 3.63250000e+02,
3.28750000e+02, 3.97750000e+02,
667., 1.44250000e+02,
7.16750000e+02, 1.96500000e+02,
7.18500000e+02, 3.57500000e+02,
7.18500000e+02, 473.,
8.63250000e+02, 2.90250000e+02,
9.12750000e+02, 3.98250000e+02,
9.20250000e+02, 4.38250000e+02,
6.12750000e+02, 2.25500000e+02,
577., 2.91500000e+02,
4.28750000e+02, 4.06500000e+02,
361., 374.,
4.39750000e+02, 4.66750000e+02 ]
