%YAML:1.0
world_positions: !!opencv-matrix
   rows: 110
   cols: 3
   dt: d
   data: [ -1.6363094279799939e+00, -7.8945732565808002e-01, 1.0360497845208596e+00,
       -1.6396364541134325e+00, -9.3864383103389448e-01, 1.0881106387376343e+00,
       -1.6529884164484359e+00, -1.2345731906863289e+00, 7.8245104243076358e-01,
       -1.1679396784013982e+00, -1.1571658712779547e+00, 1.0289528512294694e+00,
       -1.3290074010679647e+00, -1.4931705523451386e+00, 8.5851564656690260e-01,
       -1.3589373530137490e+00, -4.5797421612360317e-01, 6.2506125655685252e-01,
       -1.5691207186603311e+00, 3.9742579796641225e-01, 4.8442683582684726e-01,
       -1.5262459549262168e+00, 7.4842213368194022e-01, 4.0985552546343657e-01,
       -1.3199706971647560e+00, 1.2612831382513885e+00, 4.4525504693736645e-01,
       -1.1916760141257763e+00, 1.2298289580524866e+00, 3.7425819889372863e-01,
       -7.3947004463978305e-01, 1.0337701943009279e+00, 2.9949978077857470e-01,
       -4.9502231518803097e-01, 9.6669170264721493e-01, 5.1281174500394500e-01,
       -1.0654491407101363e-01, 8.3070771153094580e-01, 3.6188286281796883e-01,
       7.4165320110859512e-01, 9.0592471013168230e-01, 2.2943506009183184e-01,
       7.8750050357124868e-01, 8.8371550859942938e-01, 2.9124027834884658e-01,
       1.3927169578023073e+00, 8.9959094009178764e-01, 2.7150045912475912e-01,
       1.6253303556975855e+00, 9.6033450942208642e-01, 3.6139727342239636e-01,
       1.6925907929176605e+00, 9.0573442788869485e-01, 2.8992780357062370e-01,
       1.7376525305779869e+00, 6.7500117204387267e-01, 2.5505875217849722e-01,
       1.7963270805008675e+00, 2.8865562448433535e-01, 3.2976898346331501e-01,
       1.7280419549430046e+00, -2.9809003923091548e-02, 2.1263141303705488e-01,
       1.7634672613864477e+00, -5.1960037352252597e-01, 2.2189868311183894e-01,
       1.6759894033341234e+00, -8.7374951512101118e-01, 3.2385563025429071e-01,
       1.5891161473533106e+00, -1.0224961714690726e+00, 2.5636615273506119e-01,
       1.2636843446071582e+00, -1.1658851495181624e+00, 3.0303121658137588e-01,
       8.6434393092527162e-01, -1.1239723855348747e+00, 3.6590480652962887e-01,
       3.0448326599029141e-01, -1.1652758284915941e+00, 4.3128128019926448e-01,
       -2.6690786309555720e-01, -1.0896925311236194e+00, 3.5201924250051031e-01,
       -5.1294777820868609e-01, -1.5982246803968998e+00, 3.5268410631143959e-01,
       -7.8645998717052582e-03, -1.5533941423791242e+00, 3.4188626210259876e-01,
       4.6316423606655310e-01, -1.4614755107785813e+00, 3.4159579581655070e-01,
       5.6652702974426472e-01, -1.4951471527799922e+00, 3.6099274476445198e-01,
       1.2064600865466950e+00, -1.4835960856089661e+00, 3.4008440026405717e-01,
       1.5085254733806603e+00, -1.1980360569550013e+00, 3.6388654990046593e-01,
       1.1452904460181070e+00, -1.2017162582180154e+00, 3.4112900015713615e-01,
       3.1336412282278203e-01, -1.2622566855666073e+00, 3.4344647076317120e-01,
       -4.4995107762628667e-01, -1.2294130004748915e+00, 3.8008938735465486e-01,
       -1.1457458302515666e+00, -1.3374628552869268e+00, 4.6617452605802356e-01,
       -1.4642061053068818e+00, -1.4207681093923950e+00, 9.2250165157856678e-01,
       -1.5030385970141582e+00, -1.4468841371756116e+00, 9.9134315116278360e-01,
       -1.5030385970141582e+00, -1.4468841371756116e+00, 9.9134315116278360e-01,
       -1.5030385970141582e+00, -1.4468841371756116e+00, 9.9134315116278360e-01,
       -1.5030385970141582e+00, -1.4468841371756116e+00, 9.9134315116278360e-01,
       -1.5030385970141582e+00, -1.4468841371756116e+00, 9.9134315116278360e-01,
       -1.5030385970141582e+00, -1.4468841371756116e+00, 9.9134315116278360e-01,
       -1.5030385970141582e+00, -1.4468841371756116e+00, 9.9134315116278360e-01,
       -1.5390913840759914e+00, -1.3063465298566415e+00, 5.0523523235554868e-01,
       -1.6445253269117754e+00, -1.4324303951090562e+00, 4.5477641355879794e-01,
       -1.6915168088160168e+00, -1.4647787198682374e+00, 4.3296073018382597e-01,
       -1.7382892857274028e+00, -9.6589185490781460e-01, 4.4111164680535475e-01,
       -1.8165993657463351e+00, -7.6152191059642738e-01, 4.6355374386033482e-01,
       -1.8411000554043164e+00, -6.2034257692539485e-01, 4.9394090935064766e-01,
       -1.7684162069940554e+00, -1.9388955383622219e-01, 4.4934009996711727e-01,
       -1.6451577105200095e+00, -8.9071828907944059e-02, 5.6706612644476506e-01,
       -1.4323841325556410e+00, -2.4203130770959047e-01, 4.9899330863637559e-01,
       -9.4261512832417582e-01, -5.4863364758604893e-01, 9.2966742714871931e-01,
       -1.1388565300069122e+00, -9.4042358750515398e-01, 1.2606166064018007e+00,
       -1.1388565300069122e+00, -9.4042358750515398e-01, 1.2606166064018007e+00,
       -1.1388565300069122e+00, -9.4042358750515398e-01, 1.2606166064018007e+00,
       -1.1388565300069122e+00, -9.4042358750515398e-01, 1.2606166064018007e+00,
       -1.1388565300069122e+00, -9.4042358750515398e-01, 1.2606166064018007e+00,
       -1.5988567328493271e+00, -2.8931724075676318e-01, 1.0656067444496919e+00,
       -1.5425930865411088e+00, -2.0270756441839205e-01, 8.6153685241017752e-01,
       -1.4954981998832941e+00, 3.4051493324600041e-01, 7.3134590299459357e-01,
       -1.4565075844269963e+00, 5.0244093036406068e-01, 8.2344912455054864e-01,
       -1.3972911726029604e+00, 6.4045476742434104e-01, 1.0953006483502046e+00,
       -1.3484007767746158e+00, 9.9287456705262955e-01, 9.8253515069484232e-01,
       -1.3160988418715600e+00, 1.1472109714540051e+00, 1.0577377343752734e+00,
       -9.0095363903914782e-01, 8.8776563973795242e-01, 9.9904967146983648e-01,
       -7.3806178630903263e-01, 1.0412495249697282e+00, 1.0461935375973526e+00,
       -2.9111338078546556e-01, 8.8277032336974526e-01, 7.7493379848506505e-01,
       -3.0454792783408702e-01, 9.9373868460302917e-01, 9.0070905795326639e-01,
       2.9459098127680217e-02, 6.0317814645676582e-01, 7.4597770910759420e-01,
       2.3258358071368743e-01, 8.0467057379066631e-01, 8.4699849500709035e-01,
       3.2781524402778328e-01, 7.5607015781244002e-01, 3.8529027467286497e-01,
       3.6936805139803813e-01, 8.3673184494476571e-01, 2.6748676490752232e-01,
       9.0811941593372070e-01, 1.0327922313865681e+00, 2.9561362847077222e-01,
       8.2668053107662220e-01, 9.9076032204932840e-01, 2.6362465850794953e-01,
       1.8028816963632310e+00, -1.6386883520779069e-01, 4.4631256139915931e-01,
       1.5180984129338715e+00, -5.8223531688677965e-01, 7.3134450423479958e-01,
       1.6221216485064658e+00, -6.1992180151962706e-01, 5.2579279803307077e-01,
       1.2999307703775924e+00, -9.4515990281931361e-01, 4.8218054072800043e-01,
       1.0810335563277025e+00, -9.3383887450429026e-01, 3.1009253038354817e-01,
       4.7764779125332940e-01, -1.1730842366752154e+00, 3.4030579548679141e-01,
       2.9748932798723521e-01, -1.1230055254974065e+00, 2.8701985892404042e-01,
       -6.0401742547108517e-01, -1.2307373488636115e+00, 3.4508963950830163e-01,
       -8.7351392093378843e-01, -1.3113318033431980e+00, 1.9491494057667542e-02,
       -8.7349163160715160e-01, -1.3113189517455321e+00, 1.9519095517072958e-02,
       -8.7346569744771274e-01, -1.3112971187755800e+00, 1.9473227861870876e-02,
       -1.1368007059685119e+00, -1.3453409197223891e+00, 1.0227236539260238e+00,
       -1.2235613226116189e+00, -1.3312698368405544e+00, 1.3775869646710419e+00,
       -1.2235613226116189e+00, -1.3312698368405544e+00, 1.3775869646710419e+00,
       -1.4773367462990354e+00, -1.4620584476782603e+00, 7.7021158232459386e-01,
       -1.6817968017511191e+00, -9.0065099689427364e-01, 8.8293485356925971e-01,
       -1.8151794652602968e+00, -4.4202526566833938e-01, 8.1923071773719069e-01,
       -1.7773376264198388e+00, -3.0484485946594386e-01, 9.4793514005863477e-01,
       -1.7962510082094971e+00, -8.3859414402677496e-02, 9.2453114993662311e-01,
       -1.7092085603130427e+00, 1.8517524461168247e-01, 7.2799434930841145e-01,
